1000 1
1.892422 
0.462306 
2.309634 
0.904078 
-0.753513 
-1.753396 
-1.474546 
0.981618 
3.998632 
0.203498 
0.900261 
-0.253871 
-2.511699 
-2.910078 
-0.648414 
0.461549 
-2.160685 
-0.380699 
-1.344328 
-0.879797 
-0.639923 
1.559139 
-1.251631 
1.141843 
-1.318620 
2.462416 
-4.198855 
-2.291949 
-0.240678 
-0.254202 
-0.141097 
0.303037 
1.594187 
-0.151939 
-2.895262 
1.615422 
-0.134031 
3.828657 
-0.214610 
-0.283569 
0.361700 
0.041405 
4.392240 
-0.565482 
0.207559 
1.593951 
0.977156 
2.303982 
1.093849 
1.580154 
-3.635778 
1.924078 
1.223011 
0.702761 
0.831196 
-1.479681 
-1.149778 
0.182796 
0.434572 
1.543339 
-0.536245 
2.775811 
1.358839 
-1.021695 
0.237398 
-1.871176 
0.662803 
-3.875054 
0.932714 
-0.285749 
3.098138 
-0.547607 
0.680616 
1.563787 
0.120162 
1.425683 
-3.715639 
2.010663 
0.666839 
-0.361605 
-0.311485 
-0.042732 
-2.442757 
3.845094 
-1.257792 
1.933964 
0.082522 
0.447539 
1.545279 
3.591408 
1.609237 
2.156397 
1.252358 
-0.591426 
1.339600 
0.633996 
-1.122258 
-0.734289 
0.893713 
3.540329 
-0.081765 
1.597240 
2.581361 
2.187656 
1.139580 
-0.126948 
-0.663844 
1.816327 
1.554199 
1.775320 
3.763547 
0.122200 
-0.957383 
-1.254030 
0.732728 
1.256783 
-1.848942 
-2.178971 
2.543670 
-2.004290 
-1.290989 
0.568942 
0.979199 
0.730435 
-2.439222 
-1.946804 
1.247012 
-0.089611 
3.249034 
-1.212837 
-1.080497 
-2.267669 
-0.488083 
-0.519017 
1.024820 
-0.367762 
1.023959 
-1.325978 
1.401085 
2.129633 
0.118573 
-3.489921 
0.036336 
-1.093260 
-3.003381 
1.579564 
0.989482 
-0.436286 
0.114749 
1.160370 
-0.188202 
-0.043461 
0.644191 
0.783674 
0.840902 
0.955739 
-0.596388 
-1.718527 
2.679249 
-1.479934 
-2.924961 
-1.778528 
-1.126893 
0.472572 
1.854786 
0.601568 
-1.470757 
2.833662 
-2.378759 
-2.173479 
0.726031 
0.581303 
-2.091481 
-2.148644 
0.130207 
1.792958 
1.433191 
3.813317 
2.061367 
2.932662 
0.099195 
-0.042215 
-1.222706 
-1.067771 
-0.806867 
0.986838 
-0.067619 
-2.033391 
1.171580 
-1.833587 
0.615767 
2.041144 
0.570540 
-1.606881 
-1.488834 
-0.063550 
0.520751 
0.613272 
0.141627 
2.943443 
0.936691 
1.065506 
0.731116 
-0.368773 
-0.104040 
-0.411837 
-0.980204 
-0.685694 
0.570878 
-1.705632 
0.644325 
-0.086477 
-0.651412 
-1.182774 
-0.808435 
-1.401684 
-0.585186 
-1.972355 
-0.741285 
-2.683451 
-0.038615 
1.817857 
0.672695 
2.029570 
-2.024368 
1.673444 
-0.349604 
-1.499897 
2.946811 
-1.506136 
2.666772 
-1.912921 
1.476124 
-0.243277 
0.443480 
-2.205533 
-1.946484 
-2.542401 
-1.777471 
-1.068794 
-0.795462 
2.427104 
3.186954 
-4.217935 
0.310342 
0.209578 
3.499562 
2.133874 
-0.417529 
0.526143 
-0.274652 
1.480661 
-0.099254 
1.272490 
0.697025 
1.554722 
2.852914 
-0.584740 
4.453372 
-1.393436 
2.774923 
2.056855 
0.080073 
-1.624827 
1.803740 
-1.920503 
2.428144 
-0.495153 
0.105773 
3.363948 
-1.175885 
0.249886 
1.284672 
0.015119 
-0.553862 
2.041668 
-0.088383 
-2.005687 
3.623697 
1.274331 
0.777419 
0.524598 
-1.246853 
0.147385 
5.435340 
-0.481129 
-3.243204 
1.222517 
0.703358 
-2.938976 
-2.171957 
1.711397 
2.050891 
-0.462783 
0.672500 
0.982689 
0.501233 
1.341970 
-1.444631 
0.049267 
0.162907 
-1.134050 
0.567307 
-2.498355 
-0.134044 
-1.605717 
1.769669 
0.458904 
-1.807821 
1.893055 
-3.100898 
-2.251181 
-1.533484 
0.625193 
4.021726 
5.209378 
3.134152 
3.783787 
-4.668825 
-2.204805 
-1.703986 
-0.550581 
-1.291297 
-0.170147 
0.056991 
-0.254446 
0.954054 
-1.021854 
2.498727 
0.757136 
-1.899869 
1.827012 
-0.695517 
-2.792257 
-3.094487 
0.360179 
-3.323536 
-0.695261 
-2.997120 
-0.042447 
-1.891589 
-2.123990 
-1.082514 
-1.898200 
0.942347 
-1.266654 
-0.294226 
-2.217262 
0.225734 
1.520061 
0.677119 
0.125044 
2.174005 
2.080060 
0.092201 
-2.711721 
-0.795383 
0.393034 
-0.033112 
-4.775043 
-0.282586 
-0.001813 
2.705294 
1.215404 
-0.236845 
-0.291014 
0.380423 
-2.993864 
0.880937 
-0.978198 
0.253131 
0.025339 
-1.211529 
1.515833 
3.063187 
5.531339 
0.844975 
-1.531251 
-1.151575 
-2.300852 
0.021400 
-0.348891 
0.326415 
-0.688970 
0.216757 
-0.162911 
1.471161 
0.917976 
-3.341453 
0.195455 
0.781520 
2.293055 
2.363552 
0.782219 
0.492023 
-1.833951 
0.668262 
0.961039 
1.152361 
0.217897 
-1.687313 
1.265094 
-1.096765 
2.852968 
0.617400 
-2.839205 
1.703168 
0.568692 
-2.493437 
-1.727091 
-1.213958 
1.235023 
1.447328 
-1.549895 
1.717939 
-2.719721 
-0.009066 
-0.130231 
-4.123132 
-0.687568 
0.305830 
-0.838704 
-3.195191 
-1.127291 
2.021057 
3.180190 
1.513343 
-0.987007 
-0.909485 
1.781383 
0.902812 
0.471219 
-2.481732 
-1.790753 
-1.030499 
-0.808996 
-0.159476 
-0.640935 
-0.482119 
-0.961762 
2.142171 
-2.387683 
-0.222785 
2.482117 
-0.381310 
-2.993216 
-0.196624 
0.051455 
1.860810 
-1.380066 
-0.602262 
0.424081 
2.719115 
3.744231 
0.085740 
3.082330 
-0.684729 
-2.945355 
-0.448130 
-0.130472 
0.000585 
0.778491 
-1.587575 
1.146010 
1.950000 
0.781431 
0.837398 
-1.649370 
-2.288853 
2.188443 
-0.904370 
-0.104985 
-2.022540 
-0.129091 
-1.500405 
0.974299 
-1.019026 
-0.489100 
0.048516 
-1.506390 
-0.989731 
-1.127524 
1.106636 
-1.144032 
0.062605 
-0.311800 
-2.722157 
-0.965039 
-0.043277 
3.827073 
-0.513944 
0.438722 
-0.267623 
1.550636 
-3.748915 
0.016283 
-1.197548 
1.958047 
0.427612 
-1.545375 
-1.047508 
2.760718 
-3.465586 
1.487252 
0.300878 
0.428197 
1.954438 
-0.569594 
-0.217916 
0.525247 
-4.224602 
0.170607 
-0.091870 
0.981810 
4.192691 
1.963419 
1.361402 
-1.531536 
-2.400592 
0.202650 
2.154834 
2.021441 
-0.604652 
-1.239350 
-3.016571 
3.605375 
1.178853 
-2.370017 
0.009756 
0.997725 
2.223939 
0.262423 
-1.733535 
0.744938 
-0.612781 
1.018964 
-2.036678 
0.124049 
0.873052 
-2.521386 
3.845329 
0.165375 
1.083957 
-0.686797 
-3.414278 
0.331721 
1.324453 
-0.154203 
-0.398143 
-1.800980 
-0.766527 
0.581152 
-0.314094 
-2.878183 
-0.644567 
1.798235 
-0.041576 
-1.767982 
1.329264 
-2.883425 
0.083156 
2.938307 
-1.980562 
1.070244 
0.030287 
-0.772123 
-0.582791 
-1.428224 
2.170189 
-2.606474 
-2.483847 
1.599874 
0.264817 
0.266512 
-1.036933 
-1.595521 
-0.051123 
0.322193 
2.611670 
-2.140403 
-2.259757 
-1.698342 
0.596753 
-0.869829 
-3.015918 
0.162326 
-4.020304 
1.593521 
-0.533671 
-0.799514 
-0.265403 
-1.429804 
-0.587148 
1.766060 
-2.910287 
0.756569 
-1.356940 
1.056096 
3.300534 
-3.053226 
0.371183 
-0.138710 
3.245710 
0.492041 
0.696866 
-2.989209 
-2.094165 
2.255773 
-1.963468 
0.962199 
-1.588023 
-0.432831 
-2.326132 
-0.575435 
-1.635218 
-0.303336 
0.583945 
0.813595 
2.629614 
0.015206 
-2.935078 
0.178330 
-1.120151 
0.830671 
1.794719 
-1.771296 
1.573297 
0.165493 
-1.390963 
1.297604 
0.109289 
0.483656 
3.447580 
0.264938 
-1.147207 
-1.085080 
0.038815 
0.381401 
-0.748847 
2.365346 
0.954875 
0.543084 
2.526298 
0.220887 
1.271927 
1.330011 
-3.269606 
0.092300 
-0.670979 
2.646246 
-0.614041 
-1.903303 
0.036843 
-0.028912 
1.790765 
-1.204452 
0.647874 
-0.675577 
0.323307 
-0.326620 
-1.044911 
2.021930 
0.306210 
-2.959284 
-0.247247 
1.378911 
-3.777830 
-0.060682 
-0.321782 
-2.043215 
-2.295082 
-1.038186 
-0.823586 
1.581773 
1.951354 
1.744673 
-0.504204 
0.490168 
-0.731536 
0.684604 
1.359294 
-2.444781 
-1.363180 
-2.559647 
-3.423865 
-1.843701 
-0.306616 
-1.553650 
-2.435587 
2.988115 
-0.426758 
0.024543 
1.121676 
3.851329 
3.108544 
-0.463631 
0.642366 
-1.214331 
-2.081641 
5.052158 
-3.536230 
-2.713300 
1.263244 
-1.633304 
-2.830897 
-0.367708 
-1.213955 
-0.807368 
1.335250 
-0.126901 
-4.022404 
0.842830 
1.078820 
-2.194061 
-0.731446 
-0.908776 
2.667764 
-0.048315 
-0.455449 
-2.452415 
1.432962 
-0.627661 
-0.204487 
1.434333 
4.101696 
-0.475307 
-1.714229 
4.857440 
-0.683063 
1.142624 
-1.155147 
0.342236 
-0.760200 
0.257628 
0.297472 
0.064594 
0.327463 
2.959974 
-0.452460 
0.794052 
-2.671709 
-1.039295 
-0.203144 
0.177468 
-1.016887 
1.032411 
2.081259 
0.332950 
-0.718541 
1.743285 
-0.608959 
-0.247932 
1.498271 
-3.158458 
-1.128829 
0.875645 
-2.241896 
-1.185158 
2.219734 
-1.179341 
-0.424873 
4.262259 
-1.952026 
3.972280 
1.945595 
0.455299 
2.544248 
1.339595 
1.307631 
-1.177852 
-1.411985 
-4.701126 
2.019737 
-1.884726 
-1.441811 
-0.485649 
1.801567 
-0.434672 
-2.734474 
2.504732 
1.632239 
-0.575886 
2.158768 
-0.259291 
1.158592 
1.823905 
-0.397006 
-0.414136 
-0.835798 
0.585008 
2.127367 
-0.679023 
-0.799195 
-0.296155 
-1.135576 
-1.596085 
-0.025665 
1.750339 
-2.086571 
0.997420 
-1.003008 
-0.561929 
-2.163583 
-0.016336 
0.782111 
-2.023926 
-0.197716 
-1.729816 
-0.176447 
-0.249584 
3.179622 
0.614387 
-0.483289 
-1.718871 
0.306427 
-1.385038 
-0.526368 
2.028436 
-2.524527 
-3.166308 
3.235529 
1.327390 
1.344559 
-1.432420 
-1.065077 
0.774275 
-3.657743 
-1.137264 
-0.502717 
-4.722156 
-0.734692 
1.300780 
-2.487187 
1.909921 
-1.474379 
-2.968759 
1.140044 
-0.603065 
-0.988008 
-2.508070 
0.215047 
-1.069779 
-0.299343 
1.773018 
2.695589 
-2.813206 
-1.256928 
-0.394332 
-2.139631 
0.887753 
1.003434 
2.476184 
0.274252 
-0.693173 
-1.321020 
-0.835559 
2.225655 
-0.281515 
3.873464 
1.052275 
-0.725807 
-0.989717 
0.364702 
0.214716 
0.780399 
-1.867036 
0.373577 
-1.880000 
-2.239180 
-0.519764 
0.228143 
0.226190 
-3.065579 
-1.900261 
1.009619 
0.288598 
-1.761590 
-0.666210 
0.978308 
-0.583947 
0.462285 
-1.949887 
-1.690904 
-0.867506 
-0.024356 
-2.333461 
-1.551463 
-3.585895 
1.948188 
2.410248 
-0.945647 
-2.016326 
0.310697 
-0.370219 
-3.385775 
-1.705180 
0.580236 
-1.998030 
1.929457 
0.828477 
1.014840 
-0.036619 
0.687369 
-0.826315 
-5.076148 
-0.328169 
0.235838 
0.595103 
2.616915 
0.108037 
2.601469 
3.287731 
1.918085 
0.439409 
1.518386 
-0.716790 
0.241628 
1.290169 
-1.280104 
-0.031076 
1.047862 
1.190737 
0.789054 
4.425307 
-0.924421 
-0.762309 
4.160376 
-0.145848 
1.518048 
-2.935381 
-1.058935 
-2.938813 
-2.041033 
1.473670 
1.400994 
-0.841935 
-1.985772 
0.000692 
-0.228093 
-0.142459 
-0.430770 
3.553026 
1.509649 
-1.562668 
-2.033658 
2.595944 
5.053422 
2.904610 
-0.338731 
-0.417607 
-2.517037 
-3.669257 
0.306750 
2.322874 
1.678205 
4.260799 
0.174921 
-2.587867 
1.532790 
1.086235 
3.772721 
0.051981 
-0.452473 
-0.636274 
-1.112438 
-0.594120 
3.853789 
1.655820 
0.198930 
1.670046 
-1.207796 
-1.720285 
-2.130940 
-1.066979 
-0.028207 
1.966290 
-4.956725 
2.793354 
-1.559697 
3.616582 
0.446564 
2.636204 
-0.225679 
-1.170728 
-0.759305 
0.966637 
0.333033 
3.262793 
1.220378 
0.417858 
-0.333980 
-0.901745 
0.599146 
2.049965 
1.288811 
-1.559501 
-0.401058 
0.476520 
0.728205 
2.438716 
