100 1
0.800000 
-1.239130 
-0.431172 
0.900751 
-0.020129 
-0.359791 
-0.022364 
0.838515 
-0.134695 
0.204547 
0.847178 
0.508421 
2.107223 
-0.375666 
1.891496 
0.352514 
0.062801 
0.163759 
0.439426 
-1.187882 
-0.258603 
1.062980 
-0.487533 
0.493735 
-0.909628 
-0.420214 
0.708783 
0.565530 
-0.538210 
-0.349520 
0.023342 
0.168081 
0.426915 
0.813400 
0.348970 
-0.432850 
0.305360 
-1.530990 
-0.036710 
0.586457 
0.497731 
0.139987 
0.740195 
0.683485 
-0.603786 
-0.570202 
0.705001 
0.185844 
-0.304985 
-0.080080 
-0.537020 
0.003249 
1.510664 
0.735740 
-0.395013 
-0.109095 
-1.381030 
0.426099 
0.182578 
0.032699 
-0.634788 
-1.156080 
1.201545 
-0.323572 
-1.609078 
1.249687 
0.454556 
-1.736007 
-1.492001 
-0.126323 
-1.191417 
-2.193908 
-0.224802 
-0.699390 
-0.157336 
0.278972 
-0.132956 
-0.952371 
-0.643161 
0.666100 
1.795924 
-0.862989 
-1.191048 
-0.598611 
-3.394537 
-0.975912 
0.439321 
0.938372 
2.649977 
0.472119 
2.211901 
-1.380346 
0.085794 
-0.118335 
-0.479682 
-2.342963 
3.329851 
4.337672 
7.367177 
-0.368766 
