10 10
1.000000 0.051621 0.367148 0.308057 0.646699 0.405177 0.056087 0.825741 0.946720 0.087141 
0.000000 1.000000 0.908040 0.823577 0.385552 0.265726 0.587869 0.340609 0.196639 0.253275 
0.000000 0.000000 1.000000 0.728824 0.308729 0.137978 -0.186865 0.384642 0.593881 -0.565380 
0.000000 0.000000 0.000000 1.000000 -0.172049 -0.477004 0.909934 -0.739358 -0.585401 -0.742408 
0.000000 0.000000 0.000000 0.000000 1.000000 0.574539 0.487533 0.178710 0.955584 -0.586589 
0.000000 0.000000 0.000000 0.000000 0.000000 1.000000 0.823789 -0.202130 0.687284 0.629542 
0.000000 0.000000 0.000000 0.000000 0.000000 0.000000 1.000000 -0.584210 0.063525 0.358949 
0.000000 0.000000 0.000000 0.000000 0.000000 0.000000 0.000000 1.000000 0.419809 0.860999 
0.000000 0.000000 0.000000 0.000000 0.000000 0.000000 0.000000 0.000000 1.000000 0.970714 
0.000000 0.000000 0.000000 0.000000 0.000000 0.000000 0.000000 0.000000 0.000000 1.000000 
