1000 1
-1.000000 
-0.800000 
0.336449 
-1.248167 
1.325028 
0.126127 
0.312427 
0.558193 
-0.676231 
-0.477082 
0.077655 
-1.249077 
0.501631 
0.148071 
-0.878206 
0.849207 
-0.178145 
0.525681 
-0.132038 
-0.590291 
0.068343 
-0.471552 
0.532084 
0.195711 
0.947559 
-0.020947 
-0.181707 
-0.294449 
-0.292357 
0.710278 
0.290832 
0.130586 
0.245715 
-0.845240 
-0.735588 
0.989955 
-0.931872 
0.143929 
-0.233125 
0.521834 
0.687648 
0.090719 
-0.205725 
-0.099052 
0.232991 
-0.347130 
-0.758171 
-0.502715 
0.645611 
-0.124547 
-1.600914 
0.089724 
0.098790 
0.532247 
-0.550588 
-1.067583 
-0.544637 
0.309827 
0.286886 
0.517990 
0.084220 
0.783865 
-0.216788 
-0.648084 
0.137977 
0.300587 
-0.099337 
0.398148 
0.190277 
-0.592709 
0.067965 
-0.163352 
-0.206673 
-0.563761 
-0.287393 
-0.125079 
0.487665 
-0.603568 
-0.036936 
-0.699507 
0.024856 
0.451869 
-0.540677 
-0.628659 
-1.150139 
-0.599160 
-0.128398 
-0.731121 
0.137330 
-0.165062 
0.122729 
0.024434 
0.299863 
-0.316162 
0.773351 
-0.089092 
0.320074 
-0.192319 
0.335222 
0.005704 
-0.414953 
0.045677 
-0.071104 
0.099125 
0.541143 
0.508178 
0.497261 
-0.769711 
-1.087353 
0.413504 
0.045031 
0.390686 
0.767791 
1.743988 
-0.519230 
0.209614 
-0.480629 
0.092986 
-1.404411 
0.123208 
-0.187192 
0.458477 
0.634913 
0.273177 
-0.377598 
0.918916 
0.211821 
0.197501 
0.331339 
-0.406560 
1.231189 
0.454473 
0.143066 
-0.242206 
0.416168 
0.517983 
-1.409324 
-0.010539 
0.191190 
-0.144557 
1.091604 
-0.310936 
0.373240 
0.214914 
-0.609800 
-0.844834 
1.365590 
0.512072 
-0.155879 
-0.936086 
-0.249309 
0.420386 
-0.010934 
1.555722 
-0.650233 
0.430890 
0.887038 
0.425653 
0.341201 
0.194609 
0.157959 
-0.011210 
0.428985 
0.181334 
0.713924 
-0.319154 
1.417503 
0.878640 
0.919432 
0.038203 
-0.428735 
-0.006839 
-0.022707 
-1.452027 
1.436396 
1.451256 
-0.535447 
-0.076115 
0.872449 
0.163693 
0.544342 
0.787427 
0.142433 
0.321922 
-0.401399 
-1.075130 
-0.340141 
1.425187 
0.060305 
0.083776 
-0.774962 
0.182693 
-0.351668 
0.115944 
-0.610520 
-0.742400 
0.059006 
-0.513225 
1.270907 
0.654135 
-0.385043 
-0.058879 
-0.072093 
-1.025290 
0.137786 
-0.124518 
0.006434 
0.824289 
-0.728007 
-1.016040 
-0.210675 
0.893288 
0.755281 
1.235445 
1.029842 
-0.277373 
-0.827761 
0.742264 
-0.310060 
-0.253224 
-0.839213 
0.429334 
-0.915209 
-0.412647 
0.525569 
0.147539 
-0.015389 
-0.333524 
-0.362615 
0.808101 
0.296264 
-0.306067 
-0.967567 
0.640246 
0.094730 
-0.944370 
0.677736 
-0.378375 
0.660696 
0.601085 
0.192825 
-0.543821 
-0.443862 
-0.365663 
-0.348790 
0.808938 
-0.942112 
0.305491 
-0.392813 
0.150501 
-0.267108 
0.062147 
-0.149437 
0.155225 
-0.477808 
0.011124 
-0.174161 
-0.249673 
-0.034353 
-0.449137 
0.637001 
0.661972 
-0.472064 
0.046837 
0.881517 
0.030678 
-0.387280 
0.450128 
0.016533 
-0.540286 
0.494540 
-0.657832 
-0.252342 
0.471410 
-0.893838 
-0.127294 
-0.312039 
0.245632 
-0.582943 
-0.506928 
0.631966 
-0.350568 
-0.652573 
-0.873503 
-0.623009 
0.068873 
-0.434241 
-0.181568 
0.507887 
-0.658013 
0.386750 
0.089216 
-0.003269 
0.125963 
-0.342698 
0.052825 
-0.751453 
-0.502842 
-0.851408 
-0.483372 
-0.258981 
-0.272663 
-0.512644 
0.224449 
-0.660421 
-0.334308 
0.429462 
0.993470 
0.513765 
0.337253 
-0.917394 
1.241296 
0.759992 
-0.403892 
0.463036 
0.576004 
-0.533198 
0.649645 
-0.709513 
0.457494 
0.189233 
-0.637077 
0.414745 
0.037151 
-0.560569 
0.445115 
-0.034695 
0.010712 
0.792354 
-0.247799 
-0.411969 
-0.228393 
-0.483463 
-0.032093 
-0.650328 
-0.374533 
0.058704 
0.431686 
-0.506139 
0.399361 
0.597491 
0.081027 
0.628295 
0.166252 
0.033332 
0.429638 
-1.624660 
-0.348189 
0.129009 
0.941645 
-0.217050 
0.666694 
0.612994 
0.156690 
-0.593419 
0.016010 
0.927483 
0.072881 
-0.355985 
0.127390 
-0.212054 
0.392494 
-0.155374 
0.086439 
-0.003128 
0.872957 
-0.498809 
0.440311 
0.003057 
-0.565498 
-0.549306 
0.370622 
0.173834 
0.259051 
-0.225353 
0.877744 
-1.071828 
0.214484 
-0.607573 
0.419897 
-0.312118 
-0.761960 
0.238435 
-0.000787 
-0.627536 
0.680003 
-1.979604 
-1.063712 
-0.582993 
0.794320 
-0.004615 
0.960563 
-0.497414 
0.399241 
-0.480479 
0.322981 
-0.320273 
-0.011877 
-0.368653 
0.527478 
0.146716 
-0.508534 
-0.201896 
0.089145 
0.721135 
0.638168 
-0.982003 
-0.838618 
1.176074 
0.684600 
-0.112332 
0.830308 
-0.131968 
0.040957 
0.070931 
0.166806 
0.857733 
0.723341 
0.257789 
0.270439 
0.686537 
-0.265192 
-0.417635 
0.141994 
-0.129018 
0.402106 
-0.489806 
0.885843 
-0.005520 
-0.108845 
-0.654024 
-0.142246 
0.738520 
0.624069 
-0.088998 
0.679850 
-0.127053 
0.518334 
0.654367 
-0.736069 
-0.886795 
0.743754 
-0.361094 
-0.763518 
0.030368 
-0.465052 
0.400238 
-0.816871 
-0.701668 
0.382067 
-0.913251 
0.074681 
0.265829 
0.228684 
0.504391 
-0.544285 
0.161424 
-0.535969 
0.259063 
-0.123599 
0.348578 
0.002093 
0.688649 
-0.059594 
0.457294 
-0.123199 
0.748399 
1.615466 
-0.492983 
0.180434 
0.151059 
0.242466 
-0.701322 
1.157755 
0.067350 
-0.516013 
0.582307 
-0.228631 
-1.045690 
-0.974915 
0.069491 
-0.534266 
1.087375 
-0.222821 
0.850493 
-0.163190 
-0.178972 
-0.232638 
-0.502684 
0.936104 
-0.077062 
0.528662 
0.899946 
-0.097090 
0.073215 
0.374667 
-0.089930 
0.535236 
-0.881233 
-0.181433 
0.230113 
0.399119 
0.159856 
-0.464823 
-0.053236 
-0.038034 
0.195304 
0.011023 
-0.490719 
-0.430396 
0.457439 
-0.933325 
0.619257 
0.062151 
0.216507 
-0.384212 
0.069352 
0.104319 
0.528783 
0.085647 
0.292745 
-0.061461 
-0.276951 
0.509127 
0.188158 
-0.627453 
0.223282 
-0.690028 
0.574261 
0.645750 
0.473786 
1.299146 
-0.390008 
0.500710 
0.091154 
0.281409 
-0.280017 
-0.438185 
-0.122601 
0.595449 
0.389975 
-0.204694 
-0.470706 
0.495577 
0.434830 
-0.508912 
-0.137047 
0.247295 
0.191140 
-0.365158 
0.251347 
-0.381909 
-0.096744 
-0.345522 
-0.923643 
-0.431792 
0.576982 
-0.038701 
-1.626640 
0.263620 
-0.221035 
-0.204714 
1.170918 
-0.837784 
-0.445711 
0.134521 
-0.340717 
-0.180010 
-1.138911 
0.179695 
-0.399651 
-0.765930 
0.021175 
0.080553 
-0.341826 
-0.236206 
-0.042839 
1.001803 
0.521349 
-0.777658 
-0.410743 
-0.437701 
-0.199983 
-0.109172 
0.229102 
0.394345 
-0.422111 
-0.578580 
0.699805 
-0.439346 
0.514737 
1.021263 
0.330935 
-0.506802 
0.412604 
-0.158815 
0.525920 
-1.427307 
-1.390551 
0.592038 
0.186738 
0.014008 
1.104045 
-0.749956 
0.454685 
-0.524556 
0.679203 
0.175523 
-0.000908 
-0.004707 
-0.195269 
-0.177242 
0.654655 
-0.047446 
1.043273 
-0.670066 
-0.226184 
-0.617605 
0.481901 
-0.718970 
-0.034269 
-1.315469 
-0.358294 
-1.073042 
0.067378 
-0.421596 
0.727220 
1.761261 
-0.598774 
-1.010962 
-0.100604 
1.813605 
1.861064 
-0.998236 
-2.022165 
2.783150 
-0.463575 
-0.980453 
1.348551 
0.360740 
-1.330215 
-0.519857 
-0.449879 
0.479846 
-1.547232 
-0.039527 
-0.743092 
-0.246588 
-0.802624 
1.195139 
0.571158 
-0.180028 
-0.981999 
-0.827044 
-0.642028 
-1.432474 
-0.076987 
0.920557 
-0.032842 
1.091879 
-0.648327 
-0.422888 
-0.377419 
-0.022714 
-0.258371 
1.878365 
1.131714 
0.334224 
-0.252831 
0.396524 
-0.117437 
1.018384 
0.068010 
-0.307762 
0.940506 
-0.797000 
-0.825104 
1.237452 
-1.036641 
-0.144034 
0.553693 
0.741654 
1.319646 
-0.986492 
-0.281470 
-0.338861 
0.335149 
-0.114502 
-0.353887 
0.139465 
0.081506 
-0.601995 
-0.748634 
-0.531704 
-0.103727 
-0.338613 
0.517717 
-0.244823 
-0.038209 
-0.247655 
0.416097 
0.298831 
-0.848804 
-0.792649 
-0.753376 
-1.542829 
-0.219848 
0.072697 
-0.487700 
1.173435 
-1.186164 
0.482523 
-0.303232 
-0.048752 
-0.971574 
-0.880225 
-0.210739 
0.895100 
-0.625739 
0.350596 
0.443318 
-0.957634 
0.397466 
0.518878 
0.683344 
-0.037600 
-0.146388 
0.667133 
-1.085413 
-1.345204 
0.794250 
-1.536481 
-0.872078 
-0.542040 
-0.403839 
-0.901773 
0.355317 
0.096042 
-0.282935 
0.134443 
-0.930810 
-0.069763 
-0.409605 
0.180595 
-0.945544 
-1.723394 
0.551145 
0.792449 
-0.363031 
0.847745 
-0.364183 
0.520705 
-0.287934 
0.476215 
0.621292 
0.370521 
-0.013809 
-0.723057 
0.410117 
-0.800310 
-0.465254 
0.110549 
-0.359872 
1.199038 
-1.046116 
-0.455151 
-0.589605 
-0.154589 
0.143655 
1.002222 
0.024294 
-0.403475 
-0.289509 
0.479049 
0.171276 
0.003161 
0.244852 
-0.802168 
-0.033562 
0.662570 
-1.879188 
1.266572 
-1.171967 
-0.097505 
-1.033278 
0.283693 
-1.864404 
-0.530016 
0.389657 
-1.524661 
0.676037 
-1.563674 
-0.325039 
0.244145 
0.417918 
-1.231075 
1.545605 
0.043459 
-0.286300 
-0.815251 
-0.072265 
0.123503 
0.515829 
-0.137652 
1.270664 
-0.183346 
-0.409805 
-0.447944 
0.397235 
-0.298727 
-0.051429 
0.330727 
0.054050 
-0.957951 
1.158412 
0.273759 
-0.086165 
-0.047262 
-0.614909 
0.905158 
0.123544 
0.365323 
1.061666 
0.580141 
0.042036 
-1.058705 
-0.451028 
0.330626 
-0.893692 
-0.651296 
0.009342 
-0.215537 
0.271922 
-1.740093 
0.594083 
1.127810 
-0.838256 
-0.280099 
-0.519934 
-0.548480 
0.181747 
-1.028756 
-0.685806 
-0.579974 
-0.158868 
1.010772 
-0.863890 
-1.391091 
-0.063097 
-0.330199 
-0.536678 
-0.015457 
0.734266 
0.131778 
-0.035396 
0.077606 
0.342612 
0.056378 
-1.064479 
-0.620839 
-0.037043 
0.930000 
0.334434 
1.173230 
-0.784635 
0.194529 
-1.535218 
0.531718 
1.198967 
-1.012471 
0.844835 
-0.769010 
-0.004583 
1.430204 
-0.416372 
0.152598 
0.415865 
-0.877889 
0.266883 
0.317177 
0.325155 
0.009619 
0.264105 
0.175209 
0.250184 
0.692102 
-1.290465 
0.193877 
-1.557525 
1.430158 
0.409536 
-2.091894 
1.050484 
0.684720 
0.141305 
0.188922 
0.542034 
-0.161635 
-0.636963 
-0.071978 
-0.793664 
-0.380666 
0.471206 
-0.081948 
0.764787 
1.074336 
-0.154193 
0.571333 
-0.360023 
-0.141657 
-0.048339 
0.285124 
-1.811140 
-0.570304 
-0.835038 
1.124451 
0.446169 
2.265385 
1.194079 
-0.370635 
0.436906 
-0.484295 
0.317659 
-0.907139 
-0.117846 
0.448223 
-0.151748 
-1.360457 
-1.304956 
-1.529234 
-0.495561 
0.762946 
0.176888 
-0.032881 
0.091030 
0.056819 
0.252176 
0.463345 
-0.400278 
-0.337129 
0.080446 
0.076683 
-0.616899 
-0.435644 
0.428754 
-0.610999 
1.979755 
-0.462312 
1.467934 
0.309628 
-0.536002 
0.593584 
0.247996 
0.562799 
-1.926182 
-2.001837 
-0.428518 
-1.029610 
-0.349488 
-0.756163 
0.758041 
-0.290507 
-1.350349 
0.100920 
-0.516782 
-0.780338 
-0.632772 
-1.596486 
0.036111 
0.231155 
0.618529 
1.133658 
0.229426 
-1.888317 
-1.589944 
1.126331 
1.043124 
0.325265 
0.643770 
2.326077 
1.108087 
1.018077 
0.207849 
0.176775 
0.657894 
0.217098 
1.050283 
1.723690 
-2.756521 
0.677935 
0.577319 
-1.581682 
-1.953017 
0.365072 
0.175062 
1.605242 
1.086033 
2.567734 
3.764452 
-0.965113 
