1000 1
-0.536484 
-1.251427 
-0.536484 
0.443321 
0.472518 
1.014773 
3.998747 
0.687434 
-0.481934 
-1.843964 
-1.687411 
-0.562154 
3.845373 
1.711382 
0.428105 
0.642425 
-1.182697 
0.216677 
-1.729736 
1.480391 
1.910189 
-1.768053 
2.462507 
-0.759362 
-0.130452 
3.616590 
-4.956879 
-0.519270 
-1.155244 
-0.695284 
0.446516 
-0.414019 
-0.154183 
-1.718463 
-1.390932 
-2.878337 
-0.067757 
-0.214669 
-0.296235 
0.672705 
2.170414 
-2.004055 
-1.065008 
2.852887 
-1.177906 
1.139558 
-0.048410 
-1.066572 
0.900024 
0.300809 
2.127275 
0.220952 
2.504737 
2.428200 
-3.194952 
-1.606747 
-4.722259 
-0.550523 
0.986969 
0.417677 
-1.291081 
-2.883302 
-1.946299 
-0.687444 
0.789227 
-1.120125 
-1.197540 
0.080158 
-0.170415 
0.471106 
-0.627613 
-2.091396 
1.963373 
-1.127506 
3.082505 
0.056879 
3.845106 
-1.204495 
0.961053 
0.109345 
2.142200 
0.680692 
-0.227960 
2.775789 
-2.839035 
1.717952 
4.192639 
0.837201 
-0.063437 
0.568802 
-3.875181 
-2.217189 
-2.713263 
1.765980 
-3.101202 
-0.904333 
1.929495 
1.401126 
-0.748987 
-0.808885 
-1.393286 
-0.640028 
-1.127332 
0.684545 
-0.025619 
-4.198921 
-2.291986 
0.438529 
-1.039108 
1.817915 
-2.194110 
3.873548 
-2.259509 
-1.913069 
-1.559737 
-1.801063 
3.098019 
0.107983 
-1.144168 
0.492065 
-4.668963 
-0.526402 
-3.414237 
-0.151993 
3.245834 
-1.833945 
-2.734550 
-0.265088 
-0.396985 
0.024276 
-0.222734 
0.092380 
0.182855 
-2.989216 
-0.644556 
-0.081641 
0.381613 
0.490071 
-0.487921 
-2.205638 
2.225713 
2.988053 
-2.300760 
-0.986858 
0.380398 
0.123883 
-0.249439 
0.237517 
2.365347 
1.599932 
-4.022380 
-0.483208 
1.893169 
-1.920623 
3.972211 
1.145969 
2.646437 
3.827069 
-0.089616 
0.917913 
-1.903126 
0.177255 
-0.584940 
0.265104 
2.666588 
1.954414 
1.425689 
-0.519678 
-0.338626 
-1.833797 
-1.649304 
-0.311616 
-1.698388 
1.615579 
0.842885 
-2.439327 
0.162982 
-1.213908 
-2.022427 
-2.239047 
0.048290 
-0.042608 
-0.434601 
0.455293 
0.794063 
0.893617 
2.029411 
-1.179377 
0.567517 
2.304036 
-3.015748 
-1.790793 
0.257587 
2.904574 
2.061360 
2.636422 
-2.041145 
-1.778560 
-0.225717 
-0.596596 
0.262381 
-0.254049 
-1.506009 
2.410242 
0.327415 
1.580084 
0.025425 
0.064747 
0.306764 
-0.455561 
1.744789 
-0.666107 
1.078883 
1.288617 
-0.254524 
-0.091976 
-0.685733 
-0.987927 
-2.148649 
-1.479780 
1.178642 
-2.993772 
-2.521362 
2.363597 
0.162362 
-3.323589 
-0.957122 
2.255717 
-2.517210 
-1.112495 
1.703208 
0.625126 
-1.972265 
-2.204628 
-0.267533 
2.049834 
-0.240545 
0.932584 
-1.605629 
-1.499735 
-2.587955 
0.668214 
0.228333 
0.904204 
0.322214 
0.585135 
1.545359 
2.134046 
-0.908741 
2.022169 
-0.176621 
-1.085095 
-0.141107 
2.019763 
-2.895076 
-0.608886 
-0.718725 
-3.635833 
-1.137385 
2.155046 
3.499637 
-1.551197 
-0.731591 
-2.171869 
-0.283493 
-0.303290 
1.775327 
0.052124 
-0.134316 
-0.989865 
-1.531339 
1.581959 
-2.524649 
-1.003076 
-0.259323 
1.948237 
-4.020400 
0.215206 
-2.711709 
2.081178 
-0.679167 
-2.163600 
-0.867356 
-0.417531 
3.813341 
-2.435718 
2.543725 
-0.043243 
-0.436327 
1.655787 
-0.203127 
1.263459 
1.790954 
-2.160635 
0.756635 
2.041603 
-0.989633 
2.040961 
0.041536 
-2.498447 
5.053462 
1.330040 
-1.363286 
2.544157 
-1.690831 
1.358988 
2.050868 
2.498987 
-1.587995 
-0.838614 
0.568508 
0.666871 
1.290098 
-0.835527 
-0.636419 
-1.441855 
0.333051 
0.364759 
1.274180 
3.287692 
-2.924985 
-0.088288 
-0.651387 
-0.367828 
0.647920 
-2.081471 
-1.030527 
1.476024 
-2.813175 
0.601533 
1.773044 
-2.267707 
0.051456 
1.256804 
-4.701331 
-0.001772 
-1.761855 
-1.096826 
-0.553762 
1.084080 
0.195400 
-2.483956 
2.833705 
2.021001 
-3.489928 
-0.587358 
1.106692 
0.174723 
-0.513836 
1.324479 
0.997606 
-2.289044 
-0.334064 
0.728008 
-0.142318 
-0.086409 
-2.444879 
0.266517 
-0.368805 
-2.559628 
-1.595988 
0.703275 
3.828602 
0.774342 
1.632219 
1.142519 
2.223905 
-2.830922 
0.476536 
0.644326 
-0.716743 
-0.731388 
-0.130428 
1.339263 
-2.378779 
1.284564 
-1.318583 
-1.879880 
0.021466 
2.679286 
-0.980318 
-0.575461 
-0.799447 
0.225805 
-2.326205 
-1.047459 
-0.495085 
-2.508164 
-2.387812 
0.732823 
-0.695602 
-3.385853 
-1.207640 
-0.675474 
1.093882 
0.570575 
1.949962 
-1.952205 
0.235888 
1.958174 
-3.166321 
-1.595386 
1.158440 
-0.367725 
-1.635265 
-2.140274 
2.476141 
0.434721 
-3.715690 
3.262843 
0.570704 
-0.370156 
-1.357010 
-0.394124 
1.793038 
1.023910 
0.581381 
-1.633372 
-0.159602 
-0.463734 
-0.285801 
-2.511880 
-0.593913 
-2.094081 
0.644114 
0.981890 
1.447464 
0.730439 
0.936715 
-0.311888 
2.010705 
1.052282 
0.696894 
-2.487310 
0.982673 
-0.197593 
-1.069727 
2.601356 
5.435339 
-4.123328 
-3.465627 
-0.452415 
0.955666 
-1.325956 
-0.138817 
-1.587560 
1.518357 
0.203633 
0.599282 
-2.033700 
0.049264 
2.705378 
-1.705494 
1.951285 
-0.016411 
1.678010 
-0.294282 
-0.400929 
-1.246844 
-1.553586 
2.611719 
0.264816 
-0.489231 
-1.549887 
-0.036679 
0.461614 
3.851374 
0.207388 
-0.041633 
2.943335 
4.260719 
-2.016333 
0.202546 
1.024974 
1.400884 
0.887861 
0.696998 
-1.239249 
0.828440 
0.966705 
3.763549 
1.327438 
1.339632 
0.757163 
0.118660 
-0.430798 
4.160509 
1.924021 
3.553159 
-1.344242 
-0.924437 
-2.023895 
-1.038214 
-0.684687 
1.860956 
1.515849 
-0.361490 
-1.429971 
-0.795488 
-1.720163 
-1.151435 
-1.122332 
1.272388 
0.306120 
-0.795561 
1.892376 
-0.602314 
1.329335 
1.190849 
0.015146 
1.222408 
0.501303 
-1.428246 
0.977120 
-1.718842 
-2.036664 
-0.547474 
-2.722028 
0.989544 
0.781438 
1.223075 
-0.162773 
-2.910572 
-2.719640 
2.129677 
1.559203 
1.543412 
0.778633 
1.532829 
0.831122 
-1.058859 
-0.734844 
0.830721 
0.393026 
-0.243187 
0.114636 
-0.582811 
1.341892 
2.793326 
-2.481831 
0.083240 
-2.139631 
-0.760222 
-3.777721 
-3.243298 
-0.236927 
-2.792400 
0.085693 
-1.533561 
-0.253930 
-0.204542 
0.525120 
-1.506345 
1.265036 
-0.326568 
-0.533633 
2.438602 
1.594236 
0.241642 
-3.585947 
-1.963553 
-2.005710 
1.518053 
0.439361 
2.695529 
0.082566 
0.198886 
1.359175 
-2.123972 
0.873122 
2.188357 
3.187089 
-0.762350 
0.030209 
-0.683158 
-0.648487 
0.178403 
0.217984 
-0.725844 
-0.105025 
1.300773 
-1.900362 
-3.003302 
-0.826377 
0.677191 
0.092321 
1.573304 
0.036867 
-1.067878 
0.781464 
-1.257885 
-2.938870 
-0.328110 
-1.135714 
0.902875 
0.725936 
0.524597 
-0.247168 
-1.488878 
1.009626 
-1.211604 
-0.569523 
-3.094570 
0.310263 
1.823888 
0.000559 
2.158745 
1.579496 
1.252372 
1.803738 
-1.474475 
-2.043290 
-0.031147 
2.156452 
0.009888 
0.813494 
1.003409 
-1.212842 
1.471182 
1.056187 
2.021636 
-1.432448 
-1.985845 
-1.562535 
-0.426764 
2.853003 
0.323375 
-0.043413 
-2.033349 
-0.060701 
0.332911 
-2.938869 
0.875648 
1.433016 
0.120205 
-1.128729 
0.543159 
-1.019089 
-0.485809 
-1.266686 
0.371232 
0.305834 
0.615808 
-1.898201 
-1.134075 
0.209573 
0.672504 
0.016289 
3.108501 
-2.968695 
-0.670989 
0.583930 
0.595128 
-0.028861 
-2.452330 
0.141623 
-4.224699 
1.473692 
-2.959268 
1.215406 
0.962260 
3.134218 
4.425357 
-1.474306 
1.234967 
0.122302 
0.458918 
-1.884760 
0.633982 
0.447524 
-0.663756 
3.772658 
-4.217968 
-0.835589 
-1.470811 
-0.033019 
2.056829 
-0.196603 
0.147299 
-0.502751 
0.596684 
1.597323 
-2.935140 
-1.213941 
-0.965113 
0.105716 
0.303130 
-0.823589 
-1.082534 
-0.432855 
1.918065 
-2.241844 
0.306504 
-1.385050 
1.563821 
-0.766569 
0.253123 
-0.584005 
0.288600 
-0.133984 
-4.775167 
-0.945678 
-5.076211 
2.482110 
1.433243 
-1.867081 
-1.214250 
-1.254055 
-0.475235 
0.942312 
-0.741286 
-1.531610 
2.174025 
0.974268 
2.219675 
1.673428 
1.550553 
-0.380750 
-0.909481 
1.271876 
-1.899860 
1.070336 
2.946794 
4.021637 
0.462281 
-3.269654 
-0.042492 
0.036355 
-2.173466 
1.826969 
-2.130862 
1.609284 
-1.703867 
-0.411869 
-2.935448 
-0.282561 
-2.178972 
1.854722 
0.702858 
0.614398 
1.769653 
0.880937 
1.032427 
1.344538 
-0.129081 
2.309629 
-0.504272 
-1.479904 
-2.024374 
0.581155 
1.297615 
1.794727 
3.623719 
-0.274585 
5.531359 
0.297492 
1.018909 
2.775028 
-1.147200 
0.062654 
1.160265 
1.086135 
2.760715 
-0.734221 
1.378881 
-0.028245 
-2.442741 
-0.314111 
0.226190 
-1.093242 
0.783678 
-0.417687 
-1.949871 
1.246982 
-0.349627 
-0.299373 
1.593940 
2.719080 
-2.993235 
-0.024329 
0.731089 
-0.772157 
3.235533 
-0.841945 
1.509650 
-0.693199 
0.979241 
-1.848935 
-1.705174 
1.781407 
-1.380047 
-0.799208 
0.165413 
-0.585233 
1.434298 
-0.424892 
-1.753397 
-2.400573 
-0.807310 
1.520051 
0.954844 
-0.591410 
-0.808450 
-2.542420 
-0.247926 
1.945620 
5.209346 
1.816279 
-0.348847 
0.342222 
-3.158481 
0.613214 
0.617387 
0.038801 
0.130259 
0.662789 
1.065460 
2.595958 
-0.188238 
0.483659 
0.361784 
0.099237 
4.857432 
-1.998048 
-1.256938 
0.580242 
-0.978210 
-0.448105 
-0.869815 
3.063237 
-1.733539 
-1.021848 
-1.021673 
-0.145880 
-2.910102 
-0.306574 
4.392230 
-0.281472 
-0.462787 
-1.044919 
0.840888 
-1.500405 
1.554213 
-0.051123 
-0.398187 
-2.493400 
0.782067 
0.520733 
4.262223 
-3.748873 
0.360215 
1.966273 
-2.997126 
0.954047 
2.028406 
-3.669251 
1.171594 
0.326444 
3.744255 
-1.727116 
1.487211 
-1.545362 
0.310669 
-0.604598 
-1.714237 
-1.871132 
-0.321744 
0.214723 
3.540347 
-3.423827 
2.959984 
-0.753525 
-0.290973 
-2.086588 
-1.321011 
1.513371 
-1.624856 
1.743293 
-1.291272 
0.015223 
2.322838 
3.179618 
1.670042 
-1.412002 
1.307632 
3.300533 
-3.536218 
-1.980576 
2.616934 
0.526134 
-0.640909 
1.798251 
-1.444658 
1.220381 
0.125037 
-1.185173 
5.052125 
-1.016919 
-3.657718 
-1.777453 
-0.603075 
3.853802 
3.605400 
-0.612745 
2.932664 
-2.333460 
-2.295121 
2.938306 
-0.452489 
1.121691 
0.744961 
1.335275 
-1.080499 
1.554716 
0.249859 
-0.688972 
0.844973 
-0.126929 
-1.807838 
0.997443 
-1.036944 
-0.961742 
-3.065580 
0.373576 
-1.222706 
2.187646 
1.801586 
-1.771291 
0.978321 
2.667775 
0.165512 
3.249020 
-0.038614 
-0.879780 
-1.170724 
0.777413 
-0.099250 
0.780401 
1.361397 
-0.042219 
-2.945371 
2.427109 
-1.149782 
-0.481122 
-3.016578 
3.783796 
3.180187 
-2.251188 
-0.806859 
2.581358 
0.427603 
-1.280101 
-1.175873 
1.933963 
-1.401681 
-0.126908 
-1.068799 
3.363943 
-0.381312 
1.140050 
1.498274 
1.152364 
-0.901751 
-2.683456 
2.526297 
-0.565468 
4.101706 
-0.686789 
-2.606484 
0.331731 
-1.126899 
2.293053 
-2.671715 
-3.341452 
-0.217923 
1.047857 
-0.009067 
0.170607 
-1.891589 
-1.946802 
-2.370016 
4.453374 
0.462308 
1.593517 
1.141837 
0.492034 
2.080059 
0.274256 
2.629620 
0.000694 
0.981620 
0.424077 
-3.053228 
-0.104040 
-0.575887 
-0.614040 
3.591407 
-1.559503 
0.782220 
3.447579 
